%YAML:1.0

rightCamera:
  K:
    - [1023.853156, 0.000000, 352.751698]
    - [0.000000, 1022.996056, 245.228560]
    - [0.000000, 0.000000, 1.000000]
  distortion: [0.094473, -0.443401, 0.000000, 0.000000, 0.000000]
  plane_equation: [-0.007108, -0.706446, -0.707731, 507.287885]
