%YAML:1.0

rightCamera:
  K:
    - [1023.196752, 0.000000, 327.953680]
    - [0.000000, 1023.266379, 240.356126]
    - [0.000000, 0.000000, 1.000000]
  distortion: [0.101317, -0.539736, 0.000000, 0.000000, 0.000000]
  plane_equation: [-0.013086, -0.676268, -0.736539, 507.776100]
