%YAML:1.0
camera_left:
  K:
    - [7149.373890, 0.000000, 1261.151686]
    - [0.000000, 7153.517312, 1021.105400]
    - [0.000000, 0.000000, 1.000000]
  distortion: [0.200486, -3.072972, 0.000000, 0.000000, 0.000000]
camera_right:
  K:
    - [7140.284840, 0.000000, 1289.402214]
    - [0.000000, 7141.539972, 928.817580]
    - [0.000000, 0.000000, 1.000000]
  distortion: [0.205383, -1.296327, 0.000000, 0.000000, 0.000000]
R:
  - [0.999939, -0.002786, -0.010699]
  - [0.002376, 0.999270, -0.038125]
  - [0.010797, 0.038097, 0.999216]
T: [2.558981, -401.449095, 13.672780]
