%YAML:1.0
camera_left:
  K:
    - [3631.786452, 0.000000, 1277.253611]
    - [0.000000, 3630.284105, 983.773909]
    - [0.000000, 0.000000, 1.000000]
  distortion: [-0.113840, 0.294988, 0.000000, 0.000000, 0.000000]
camera_right:
  K:
    - [3640.237345, 0.000000, 1304.523866]
    - [0.000000, 3638.670285, 1019.007898]
    - [0.000000, 0.000000, 1.000000]
  distortion: [-0.110161, 0.269123, 0.000000, 0.000000, 0.000000]
R:
  - [0.999342, -0.009157, -0.035099]
  - [0.009162, 0.999958, -0.000018]
  - [0.035098, -0.000303, 0.999384]
T: [-0.135567, -433.606284, 5.313812]
